Vnom = 12;
Rm = 5.3;
Lm = 0.580;
Kt = 0.02;
w1 = 12.56;